2
10 20
25 10
5
1 2 3 4 5
6 7 8 9 10
11 12 13 14 15
16 17 18 19 20
21 22 23 24 25
12
644 199 583 846 661 874 667 531 850 447 966 482
968 297 672 824 654 753 132 784 202 228 617 352
165 599 89 309 525 783 936 286 412 987 171 305
741 658 917 358 205 879 810 0 976 858 535 507
255 756 707 508 847 855 777 664 862 255 443 160
901 415 190 636 489 524 396 405 454 584 398 249
555 155 884 13 474 320 370 372 926 866 666 807
34 429 375 176 109 61 923 306 456 694 452 879
326 725 58 891 912 848 170 607 437 373 693 92
471 220 864 596 960 295 952 271 645 76 411 950
318 756 205 270 46 299 129 684 625 594 986 858
232 341 303 997 805 667 82 931 681 405 183 794
